2261570026 3454758517 88568015
1802864872 1796719466 196521844
1029796290 924285105 94936250
1502956048 1019221355 34573577
1675836952 4234138393 33837263
383249040 0 273576862
1124732540 457794332 53985776
2350138041 2091507351 48912742
1674136750 1795019264 1700202
3859927050 2781536522 163983633
90982234 273576862 129799649
1537529625 511780108 260859
2488789087 1993241310 98266041
2196492990 3543326532 49319261
2254009624 2694827028 7560402
2587055128 3111811340 69748037
2002799677 4168500219 65638174
840643879 512040967 108011574
1390364751 688875858 8559931
1398924682 721632529 104031366
656825902 620052541 68823317
1709674215 3189756750 73094246
2068437851 1671843595 123175669
73501861 906804732 17480373
2656803165 3853597757 225164158
3592079857 3612742204 240855553
2191613520 2945520155 4879470
2881967323 2950399625 161411715
0 1085334645 69517503
725649219 697435789 24196740
2245812251 3181559377 8197373
220781883 1375323327 162467157
3270779999 2140420093 321299858
2399050783 4078761915 89738304
4023910683 2702387430 79149092
69517503 1053794932 3984358
1782768461 3592645793 20096411
1308391575 1057779290 27555355
749845959 1154852148 61727890
1671843595 2692533873 2293155
1335946930 403376511 54417821
3832935410 4267975656 26991640
3043379038 2461719951 227400961
948655453 825663895 81140837
4103059775 3262850996 191907521
1999386716 2689120912 3412961
1178718316 1216580038 129673259
811573849 1346253297 29070030