1050996268 1532072704 311260544
3180071790 2724566227 289337188
4221284312 3899164493 35309413
3807278034 2656088631 16719113
1362256812 2203016881 453071750
338253566 1843333248 359683633
697937199 1009396889 40111814
2970507299 3589172780 195028044
2338906915 3808103383 1357317
1879134746 3052743004 5325923
1815328562 346829408 63806184
3899164493 3972847477 185700981
2340264232 0 83356697
2610350026 3013903415 38839589
0 671143323 338253566
2423620929 3402443683 186729097
738049013 1049508703 312947255
1884460669 561071833 110071490
3714686766 254238140 92591268
3469408978 1362455958 169616746
2799625856 83356697 170881443
3639025724 3784200824 23902559
4084865474 4158548458 136418838
1994532159 3058068927 344374756
4256593725 3934473906 38373571
3165535343 3809460700 14536447
2649189615 410635592 150436241
3662928283 2672807744 51758483