3663115998 2273256818 16619810
1779396221 3140211126 35421643
1671064478 2289876628 5675989
2459496143 2164474153 65282060
1676740467 3228344832 68171740
3108268812 3396614149 34367621
0 1247024027 117995309
3142636433 2302123739 520479565
3914906966 3296516572 48028032
1451315146 20271696 29756177
3962934998 1685507004 235533336
3679735808 3872604190 235171158
201522431 0 20271696
2606764356 2257434699 15822119
1095940165 930151315 235007724
2092197835 2032400258 15603728
1814817864 4107775348 187191948
2107801563 3430981770 351694580
221794127 50027873 874146038
2524778203 2082488000 81986153
4205039456 3811944039 60660151
2622586475 1921040340 111359918
3051554215 3344544604 52069545
1605883623 1648004635 37502369
3103623760 1643359583 4645052
1412812877 1442569054 38502269
2039485772 3175632769 52712063
123972713 1365019336 77549718
1744912207 2048003986 34484014
4198468334 2295552617 6571122
2733946393 2822603304 317607822
117995309 924173911 5977404
1330947889 1165159039 81864988
2002009812 1605883623 37475960
4265699607 3782676350 29267689
1643385992 2229756213 27678486