2076625497 3385713231 258448094
933162806 1124446801 128749435
744984268 625015359 188178538
551924411 211563684 96582495
2664738738 2072311374 297142807
1406760174 813193897 14102104
0 1274151473 331435427
403777493 976299883 148146918
1987639580 2783535044 88985917
4074594902 3332858447 52854784
1484055780 86124597 125439087
331435427 371339681 72342066
1146768491 1605586900 152911849
3283022369 2992105862 70998045
648506906 528537997 96477362
1609494867 827296001 149003882
3685297224 3111036616 121638972
1420862278 308146179 63193502
2961881545 3644161325 321140824
1061912241 443681747 56957522
4127449686 2872520961 119584901
3806936196 2497318144 139794743
3585114365 3232675588 100182859
1118869763 500639269 27898728
2335073591 3965302149 329665147
3984585308 2407308550 90009594
1320635577 0 86124597
1841217423 2637112887 146422157
4247034587 3063103907 47932709
1299680340 1253196236 20955237
3354020414 1841217423 231093951
3946730939 2369454181 37854369