3384134166 1995234330 176305237
1155226403 855999534 411447090
2208613005 3459130785 737289315
3115190977 2188772380 56379264
3046023331 2245151644 69167646
3287350250 3362346869 96783916
0 688893976 167105558
199962926 1300303992 576627555
1566673493 0 380943110
1995234330 2314319290 213378675
776590481 380943110 307950866
3560439403 2527697965 734527893
2945902320 3262225858 100121011
1084541347 1876931547 70685056
3229639031 4196420100 40478406
3270117437 2171539567 17232813
167105558 1267446624 32857368
3171570241 4236898506 58068790