1358631653 987873070 147949589
2413964705 2097965649 70341317
816457527 972386794 15486276
2080824412 2168306966 250363611
958855341 2055074721 42890928
1948315905 1968747613 86327108
1810667112 2669632213 137648793
2484306022 857156868 115229926
1001746269 1523646763 356885384
1641013697 687503453 169653415
2698691839 0 56146061
4138641394 2975929973 156325902
831943803 2418670577 38696072
3039761928 4068116224 226851072
870639875 1880532147 88215466
2975929973 3132255875 63831955
3839900820 3497181952 298740574
3567707122 3795922526 272193698
3266613000 3203991608 293190344
83162889 56146061 361318942
1506581242 553070998 134432455
2754837900 500627892 52443106
2034643013 1135822659 46181399
786124536 2556522540 30332991
2599535948 2457366649 99155891
3559803344 3196087830 7903778
0 417465003 83162889
444481831 1182004058 341642705
2331188023 2586855531 82776682