12536522 803922375 381092756
1034093555 2274122448 375903462
4046347183 3727145496 30218294
1644177017 1468743601 210972620
2033158562 0 65899273
3918690677 4044943223 48984895
3252369528 2650025910 46811980
3846317697 4159436488 72372980
825337225 701230416 92775221
708443948 3110054761 116893277
4281152040 4231809468 13815256
4076565477 3945094008 99849215
467053271 262914333 56912139
457136533 794005637 9916738
4176414692 3757363790 104737348
1960807084 319826472 72351478
3983208893 4096298198 63138290
2099057835 2696837890 179036871
3400708401 4093928118 2370080
393629278 2210615193 63507255
2278094706 1723463860 487151333
3351365829 4245624724 49342572
523965410 65899273 184478538
1855149637 595572969 105657447
2765246039 1185015131 283728470
961860085 3226948038 72233470
3967675572 3711612175 15533321
3486071351 3351365829 360246346
3403078481 3862101138 82992870
918112446 1679716221 43747639
1409997017 2875874761 234180000
0 250377811 12536522
3048974509 392177950 203395019